10000
2689
6846
9233
1707
773
9473
2106
4871
1838
6822
7077
3782
2261
8695
7810
8276
5226
1239
5794
5468
9590
6256
1850
5963
6383
1516
2386
2204
5500
480
377
4541
3678
5962
2600
4452
1787
4706
5675
9977
7880
2752
3760
142
7799
7922
4770
9377
5513
565
4845
5103
6821
3047
1066
9556
4563
9804
8112
6415
6636
8489
7308
315
804
9908
1119
8943
966
3146
8921
5199
5898
9033
5341
49
6955
6463
5778
2469
7028
6975
7572
3849
22
4991
9757
937
1147
7870
7353
7784
2711
1013
8099
9867
922
5570
8811
8240
8716
7732
3439
966
6765
5132
7367
72
1596
3145
2541
8624
120
6466
8826
6494
1457
4935
3783
2604
2805
1136
6740
1869
2150
1191
1736
9424
6761
547
7664
5477
4631
1104
6443
7748
6236
3810
7821
4184
3307
6714
2809
9779
3180
7987
6273
989
2922
57
9946
2080
7545
3038
3949
6047
4230
2037
1823
991
8937
9488
2821
9920
6944
5616
7669
9532
5779
1842
3717
9086
4908
2878
8866
8089
865
1491
5430
139
7900
1728
2219
1798
4767
2520
7845
5349
4558
9669
2692
9847
5509
5513
9767
8805
7482
3788
4689
3261
5630
4758
8699
539
7636
7565
4980
4853
5409
6762
4993
3309
8491
7212
5107
9610
9733
9305
4959
643
5326
7651
490
835
9517
6609
5992
6999
398
681
260
6028
5440
8959
2919
9428
2877
7899
634
8286
1014
5627
7947
9505
9191
9407
9115
8924
8712
426
5919
4038
8077
6409
1225
7594
9371
3569
945
9769
602
1205
2149
6042
6517
5069
1823
5746
9320
2457
4032
334
8084
8331
6191
3627
7738
1658
2552
2802
2084
4823
3192
6514
7585
769
460
6956
4338
1406
6725
4941
8963
8874
7335
5480
295
9158
7578
5968
7967
7962
2654
2403
6294
8846
6031
384
6856
4935
3187
5293
9758
2731
1807
7343
3501
8619
651
7839
25
7376
9132
5341
2603
6468
7173
9250
1978
4752
5218
9946
2714
4225
2349
9008
3071
8380
9393
6279
9667
8932
1572
9426
1663
9731
3121
1516
8351
3773
9356
8376
7501
4840
69
6456
1308
7243
2059
9639
1995
3629
9585
4709
7854
8286
70
7277
3019
5815
3557
2686
4747
5129
8464
2762
1213
1586
4279
9564
1711
9987
4292
9212
4827
4362
2021
2488
1605
4080
2127
3600
7709
8064
4661
5564
6350
4731
2841
5721
546
2750
4760
1645
4232
3224
760
5445
1162
1391
5009
2873
7730
5653
8438
2557
15
459
1397
7972
4539
9876
7924
8600
7940
2586
4164
643
3669
3358
6364
568
2460
7476
2213
6692
701
9325
8489
1863
716
9850
4737
8446
5504
9527
7356
1871
9986
5105
9844
877
4982
4120
9477
9274
3058
9994
9917
6728
9704
2634
7296
8516
110
5861
5209
7163
1539
50
9027
2255
9901
116
7054
1757
9643
4410
3628
9629
9515
9824
6858
849
3945
2687
124
3355
9033
6393
83
8737
9027
3731
7254
5490
5945
8815
2653
7484
8865
8032
6091
5118
8148
3145
6875
7791
3907
6856
3772
9775
6680
630
624
6977
9670
7100
333
8703
3494
6768
7441
8873
6852
1047
4363
9149
6214
3369
2985
1431
1401
9076
6550
5902
8574
9777
3693
8833
6633
3818
8608
9666
800
5585
6643
470
2685
3328
9174
6179
6449
2967
1405
3301
366
5768
8802
2932
5489
1787
4363
3243
7215
7265
9145
2141
3395
9190
975
6380
9360
9583
6046
161
1520
2690
6983
4206
2370
2509
6737
8819
1828
8142
8472
8546
263
7274
1478
5752
5413
2194
5347
8981
5811
4492
1122
5558
35
8449
1939
9395
4385
7985
5908
5905
7027
2892
6463
9398
5401
3201
4569
3582
1343
3042
2128
1606
6668
3607
3711
8434
2153
5410
7415
7964
9903
4889
3523
6290
9691
1814
2037
4076
9799
7946
6333
6827
838
2797
2577
2591
5998
7146
2525
3693
6540
4654
1652
9561
4613
1715
7995
6766
7125
1762
1082
7028
6651
957
9670
2694
2771
1708
6770
2571
9654
9456
5750
6844
2253
4679
5787
4603
1825
8313
8296
4718
2967
6300
4279
3932
8015
8626
698
5141
388
8132
8521
3391
9090
8192
6086
1861
9900
9208
784
5906
8664
2886
9102
917
7565
4889
1872
5743
3202
6521
461
2521
2821
1092
6453
837
9718
3503
5978
6458
1636
4499
9849
726
2691
5935
8939
8943
5144
6076
1201
160
8962
303
7430
2880
1545
9302
8623
4747
5823
5436
3621
8645
2880
6426
9482
8950
9930
1812
5408
7918
6311
5257
4996
5355
1193
287
650
2689
6363
1852
2849
1678
8507
6631
910
52
5934
9533
1152
1757
1321
1125
6754
4201
7551
2588
3151
3833
4400
8559
1751
712
168
6747
2419
7713
7035
3069
402
9750
1273
9604
1428
9781
6235
8690
6185
8521
8223
7337
6631
5896
4814
3385
6449
2366
5974
5952
6199
374
4511
4303
7438
1032
1050
9857
8745
4437
9279
5500
4188
552
1456
1968
6685
7691
659
9223
2565
5234
2912
9196
1131
7727
2581
3932
93
8555
9885
2644
5282
748
3299
2720
1780
4350
2578
526
5139
1857
6026
9327
8761
7482
7648
5447
1525
8307
1022
4090
9893
3934
3286
1024
1661
2220
1309
8106
7127
1194
7103
2409
1942
402
5130
75
1104
4060
601
6244
5917
2979
5571
1030
6813
9571
2829
8338
7878
3851
8781
4124
7786
8419
1500
9447
6991
2809
3906
4119
4003
1009
6528
2298
1411
1658
2373
2516
5718
9326
8760
7987
2305
683
9018
9118
6607
1847
3808
4485
2051
8941
8609
9837
3713
110
5636
704
9271
9542
4823
3275
551
7704
5573
8315
5714
4298
7183
7785
3624
2295
5772
5929
2978
1142
1399
9585
9342
1559
423
1393
501
5384
1230
566
1846
3218
1270
1118
2761
2446
745
9664
150
2670
4331
5864
6968
1514
3649
592
3809
5774
2873
3140
6916
4272
9077
2610
2183
5852
4003
2684
1237
5233
9602
9435
8452
873
553
7565
9671
7650
3581
6173
320
7913
2037
7288
9427
2039
4232
9589
4165
7105
2729
7433
7729
1806
44
9913
4011
4047
8949
5248
5633
8552
1035
437
5777
7941
8002
5448
5591
1583
1621
5912
5848
10
9552
1628
8401
3785
1217
2566
7242
298
0
1324
8456
6396
1237
2467
443
6538
4067
6076
5090
5103
6513
7219
3044
867
9019
8635
8803
6992
899
1003
3355
452
2631
1756
589
200
675
4183
498
7027
5507
8955
3423
3096
7774
3866
9635
1842
6295
1077
3297
9160
8297
6341
28
7316
1328
5183
661
2228
6186
4016
9032
8818
5772
5973
5370
2799
156
5869
9826
2016
1176
9601
5112
5302
9820
1099
7144
6115
2177
441
1627
6826
3134
8007
494
4463
3190
1155
6691
5729
5171
5723
899
7296
1696
6269
95
8204
2138
6274
220
9666
2227
1685
4969
2047
2784
8465
4514
1313
5259
6142
8139
8393
4149
8634
2856
3692
6141
5899
9421
1313
7974
320
4961
6022
2941
1408
4227
1432
7682
799
1098
9910
8836
2419
8309
1621
885
2824
2934
6144
8966
7426
889
9467
6060
98
3159
8553
5997
8932
9866
3972
5604
4827
9994
8546
6236
573
9978
270
1373
7428
6532
209
9848
4842
8182
7085
4018
7469
9581
9336
4895
470
8803
7307
568
8315
5860
2918
7247
2079
6890
9204
3258
3236
7750
5846
3810
4080
2469
1535
1508
9001
8096
1356
195
2631
8441
4213
100
8022
3549
1347
4845
8705
5006
5413
7020
7218
8331
619
9297
1573
9823
8908
4810
3925
4754
4972
8005
7223
6507
9514
2577
955
7222
2772
3586
5664
3338
3686
38
6887
1385
4883
5592
6391
6649
8964
3610
4980
9584
9259
2906
5759
8167
7716
9685
9274
9040
7690
2849
5547
3556
5426
6502
779
8199
6441
2795
7889
6479
2833
4776
7865
7717
6721
608
4366
5685
570
5698
1621
9830
4956
7381
4349
9024
3418
3623
8064
7460
2825
9963
1017
8251
2818
8148
2802
9259
943
691
5738
3776
1820
3603
7845
8541
564
8563
4226
1134
614
2200
964
5570
9581
1666
4595
9351
1641
9011
6811
4466
8975
7828
2718
1793
5976
1872
1052
3271
2564
6790
7048
4384
6746
1245
2925
7310
9809
3503
4796
423
2055
2113
2345
1636
3779
6940
987
5420
2304
4151
9887
1279
1979
8957
3072
4308
829
4124
7579
9745
7266
979
4129
364
2225
3406
4026
2034
3262
8823
8809
5317
936
1154
3306
4715
4447
645
6487
6751
4796
2726
8030
3128
1683
7454
7436
8865
1578
1367
8610
5196
2347
9092
5561
4572
2498
9587
2958
2112
8410
8119
3782
9346
9273
7088
413
72
7733
6901
6823
8882
9627
1205
2010
7663
8659
5798
2880
6589
7165
1490
8138
5864
6934
51
6788
5785
9638
9746
7897
4401
4217
1679
99
3491
5119
6865
9915
9205
3766
6739
8087
9745
4296
6449
3760
9308
2247
6640
5897
5764
4483
387
1629
1417
438
8417
7202
77
4516
5100
830
8733
3131
7281
8576
8251
4146
8492
7456
4264
1583
5543
4010
5879
1992
4122
1539
591
763
7437
6355
5246
4176
7984
6663
4615
2754
218
1044
3622
5318
1874
2355
8449
5507
7284
3052
9654
2128
508
3918
3711
2403
4280
5942
4395
4755
7482
4986
5518
1271
7694
7116
5447
5678
131
62
4784
349
7458
8406
2019
5684
7114
6821
1192
4398
9873
7198
6526
6734
1116
6589
9137
1749
2531
9885
6504
6365
1223
8374
7636
8917
1842
3084
948
8325
9498
5732
5027
6957
4139
7046
8993
7605
219
185
8355
6445
7383
4881
3179
4852
7822
8668
2953
353
8553
5809
3071
9777
535
707
5046
2377
143
5994
7054
9642
8079
2081
2951
8570
5480
1944
6175
2051
8482
4530
8496
2217
5763
8027
7069
3585
3048
22
290
1601
2183
3361
7730
2718
421
9129
1447
564
5123
8502
6558
9554
6935
5861
8124
2415
4158
4299
819
2640
5181
9315
4857
944
3695
8279
881
6743
4653
7524
4696
6837
885
8779
5907
7658
7908
7355
8223
9383
2209
1133
8938
5496
6995
7062
7912
1153
7714
5083
145
2895
4398
1354
192
4445
9633
7425
7540
639
4949
2237
3828
2187
7368
9735
9845
5276
3442
4420
1011
2003
5554
9949
7500
2549
3364
1764
54
1078
6847
6551
325
7597
7905
6869
8395
3891
4295
5935
4530
9244
4524
8358
7783
1892
4445
7629
3520
4240
2049
4532
6243
3955
833
95
2856
4197
1859
2910
1627
5058
9461
8305
2656
3719
5174
1051
7610
9469
6986
8492
5066
7863
6850
2849
9755
7647
6830
9628
1887
5232
512
4483
9187
1345
4578
2044
1895
6438
1306
9874
7848
7120
8179
504
839
3354
7907
4801
9175
1246
3293
593
9109
6495
3443
5216
4142
6625
4844
2382
1857
1708
6865
1045
9406
7795
9441
7653
585
7099
7527
8434
4219
2059
8938
1410
1765
6846
6211
940
4444
5856
7886
3553
2351
1329
8769
2846
7954
9966
5228
6164
8026
8445
3561
7432
6240
3002
5085
6826
6453
8965
5260
7025
1024
550
8435
2789
3748
999
81
8192
6855
7967
8097
5559
5648
6867
8405
9955
3185
9985
6119
1211
4782
9680
4996
1022
9034
6433
4200
1839
5398
5812
8864
2774
2715
3652
1915
6463
4651
8349
1008
7858
6316
9105
3417
8317
2324
8174
4624
1861
4511
743
9425
9293
6775
4421
6668
2161
7206
868
4000
8957
3033
2865
1731
5748
6517
9999
8563
7520
8348
5923
5378
1016
5029
5148
5685
3705
9674
309
5567
4186
1052
4992
3479
4179
5765
147
6340
2971
7368
341
8280
401
9558
12
2501
2427
6363
7416
9947
4711
3340
1677
2079
4721
6825
7765
8426
6500
8074
3993
686
5479
5337
517
9658
7454
665
5999
426
4385
2692
8706
1138
8602
5070
3639
1029
1433
7407
976
2496
747
2653
4576
5468
5831
8693
247
2331
6767
592
9369
2246
5930
9886
1905
3384
6903
4256
162
1288
3300
5221
2426
1902
6643
2417
2931
4429
9825
3907
6925
6924
2912
7853
8745
8743
6546
8992
7426
9666
9584
6795
1912
1866
3034
169
1603
6289
777
8117
3930
4077
3338
6356
2331
6334
5126
5262
763
1303
5521
4040
8227
4786
1894
6972
3529
4792
2316
956
810
8253
4103
9075
6471
3489
9244
4426
6131
6374
2544
61
451
2234
2769
9135
8568
7895
4397
9331
9198
6271
3372
3778
1057
1618
7102
4586
2762
9419
1894
3573
4024
2350
2648
495
2191
8244
4922
8322
4618
3818
8383
1422
6052
1153
557
4621
5400
1306
304
4599
7577
28
4729
4986
1646
1831
5925
4409
7602
7819
4334
1626
6521
6982
8474
8713
5226
3396
3387
9845
3566
1771
7619
9618
9276
8176
591
4676
9482
7248
5627
3412
7276
356
8398
5275
2188
4323
6036
9790
8495
370
1417
1368
3704
9891
81
8930
9639
9821
5127
3205
1592
2746
9175
7220
7274
6119
1896
3109
3367
7524
2873
643
7880
1271
2270
6420
1947
8306
6211
6794
8676
3980
8162
2380
223
4596
7663
6214
4417
9142
5771
2361
8241
4946
9581
5515
1065
1477
4976
784
5353
7849
1428
3234
5473
3698
6006
7420
8357
2217
4214
3385
6197
8728
5766
2772
3324
9781
8986
4093
8923
4757
6454
3516
6056
6035
9032
3473
3865
360
4258
9218
8210
5686
8804
3683
5736
4811
7455
4093
7028
8021
7479
9578
6749
9597
8702
6426
5730
7689
519
1005
8798
6974
4522
4854
3009
9906
8328
3226
266
2586
2445
4828
4624
1249
8511
6712
6060
5966
7158
9441
339
989
5371
7089
6938
4073
3515
9020
8114
4034
25
6913
7360
899
8119
370
805
2799
9948
7424
1737
2393
2252
6361
9995
764
9426
2407
3082
2936
1848
3422
3925
3571
6863
7215
3997
378
6235
2111
764
2612
5376
8125
3512
9848
4847
4317
2647
4795
8093
4385
3541
346
7098
3536
7462
2876
5943
6896
5812
4144
6670
6089
7715
3533
3304
8064
263
5891
6528
7380
8504
8256
5505
2016
8104
6704
2685
752
7851
779
1489
1392
7477
8587
4928
4939
7816
7224
1835
3628
1368
8506
6070
5435
8391
9374
3500
8655
5266
28
6035
122
4636
7892
2138
2741
948
4823
9845
8799
1954
1334
192
9431
6273
1472
722
4089
5048
2558
4070
6416
7416
140
8204
5807
9514
8056
814
1132
4436
3201
1254
9072
1093
9744
1813
2041
920
1658
7193
2874
2992
3737
8658
5618
1561
9380
9707
6610
8290
3777
9378
2058
3917
7582
7866
9784
5638
5032
7268
6426
8234
8523
5499
5679
4619
7312
4073
5539
5323
7618
4766
4667
1355
3424
285
2916
9156
6345
9526
3799
122
8905
5857
392
2839
75
6528
4830
5108
3796
1256
9694
8671
3107
1725
3291
420
2150
8830
2095
9768
9948
6762
1123
9724
3400
392
8881
9745
9918
2680
6219
5175
8537
6611
4367
4965
9491
9197
73
3288
6805
6119
1959
9913
7844
1602
6685
6347
6785
8780
6115
6733
1894
3591
6458
5294
3983
1691
1391
253
4371
7611
1781
9260
574
2500
4225
66
1697
650
9706
4854
3121
8017
4767
7318
9620
7804
3665
6405
6584
6132
9490
4831
9723
2300
6477
58
3991
7869
6664
4714
1832
4797
327
8758
7297
904
5176
5346
7907
4882
200
1028
2900
1320
8346
2520
9124
2011
5277
2061
4496
1119
3244
4219
3420
9721
630
3763
3942
3646
8478
2126
4795
8805
885
2092
6061
6061
3790
3968
944
342
4997
196
1662
3343
2716
7139
1707
4345
9200
6203
5464
2444
6774
5236
8517
3756
9000
2460
7402
7478
938
2197
2635
1823
641
5048
4237
4431
9017
5181
4774
4014
5377
2788
3709
4445
9927
1768
5142
5479
4323
6958
4275
1098
2195
2793
4854
1195
1605
8609
5025
2543
7158
4012
719
4152
9060
4956
4935
8077
6489
6061
8443
1866
8850
8505
2663
5129
273
7805
609
4597
1115
4884
2047
3310
4029
3253
857
1986
8214
5882
4530
1725
6246
1601
5877
5307
6557
812
9736
3046
6874
4532
1264
2076
3037
279
7205
9662
4436
4166
611
5551
5403
9010
5214
9432
2264
6071
7771
6830
8306
8653
8555
4552
254
4432
6211
6811
1597
2300
6209
4823
6832
3825
6899
6221
4104
456
2235
4892
4623
9199
6795
26
8209
2009
5810
6825
8081
3581
3656
2739
2234
2211
7291
8840
2996
9855
5651
4593
8507
8212
9416
5339
8389
2667
7912
8845
3123
6499
3737
4098
5698
533
476
260
2542
6287
7085
6975
6220
7093
9714
4807
9305
3358
3647
2301
9565
5651
3246
8072
215
2662
9763
8605
1681
4027
7450
4804
526
7540
8903
2577
4425
5731
9189
3319
8370
6274
295
4591
9720
6361
5750
9025
6071
9397
7678
5636
1400
924
3708
1616
9938
9823
221
1619
3850
4023
2775
729
1563
8030
3306
5988
3762
2495
9308
2132
5121
5955
3075
1193
2316
8825
218
4740
4575
4248
376
5975
1524
437
7591
7814
6612
4164
5785
463
8188
8561
1192
9751
2943
850
2092
3057
9697
7752
5190
1170
3707
4617
2364
2375
9795
8934
7115
4370
3183
3844
345
1059
633
4289
5226
7245
8453
1011
4060
6641
5924
5252
2745
5220
2454
1189
8277
2151
8941
9819
3322
9000
4437
5686
1375
584
4620
4843
4954
4155
5039
1651
1567
5672
5940
6793
9269
4394
4156
3330
7387
6433
8582
132
1653
7389
1321
9930
9540
6614
6102
9214
5614
6891
1252
3342
7475
2225
8185
2429
2732
9576
4080
4299
5248
6373
7444
869
7119
7953
4199
4506
4386
9134
991
6039
6523
8664
2321
2415
5279
8423
1630
893
5314
2882
4235
9141
5107
8772
1570
7840
8348
2003
8491
9948
4728
5936
818
1847
3889
5017
2705
4627
4151
3696
7018
7026
2361
9339
9442
3992
4115
1072
1237
5781
306
5473
4923
1766
597
2845
5958
8946
1200
4449
5246
5928
6737
6064
4127
6978
7434
6833
1605
7937
6881
8623
4964
9242
4315
758
9586
8430
8182
824
563
8488
2649
1838
6606
3246
4684
2564
8544
5884
7014
3791
8165
3751
6207
2292
7082
3641
5477
8687
7931
2359
3663
9247
7953
7978
5
7540
2760
8187
4716
3323
3027
7365
5162
9634
611
6198
8550
5508
8434
5564
9299
6599
5668
1858
5244
2750
1852
7073
7789
9783
9432
1452
9030
7386
9430
9035
1278
8542
3574
5994
8218
6601
3359
9732
2587
322
5930
1138
2182
4364
3054
1481
7316
5074
9692
8912
7824
1544
5985
1966
1327
1770
3418
357
5508
9201
5744
6786
4095
9318
9132
2313
2271
8843
2045
4859
5517
7975
2349
7700
8692
1755
5533
6008
6830
5225
1272
1006
6769
3609
2972
4448
5379
6391
4805
887
1944
549
4025
6039
6219
3157
8353
8491
8352
398
9702
3870
4726
8403
1570
3418
158
7103
5778
6988
8681
3402
7995
5450
7011
967
6251
2391
3710
1056
9630
5654
7958
3656
8046
4177
3165
6399
9020
1518
3149
8722
5388
7875
7125
3310
7645
3636
413
9775
624
5446
3177
8619
7249
189
5939
3500
8932
9649
4556
8562
1656
8866
2218
9702
9396
1736
2453
4768
3254
5602
3491
4994
9830
6968
8304
3827
604
5069
3603
7581
516
6780
6200
7765
3321
8491
1265
2253
8141
2173
7168
9797
1040
5738
5851
6788
7474
8304
1556
728
258
1399
2074
6440
4720
378
268
1676
5448
3871
9257
5964
7003
1810
81
6677
301
1346
8930
4794
3519
6098
943
911
8189
6794
7699
5663
5098
5608
2744
1709
7007
4818
8149
8079
5197
8417
9756
6997
8640
9013
2961
1996
7175
3042
8673
7477
740
7603
2271
4259
54
3215
1523
8243
6361
9222
258
7812
1182
3002
9521
8190
7821
7670
6269
9370
2440
2377
6367
7432
1391
5680
9428
8566
5074
8101
2395
5814
2057
1019
6425
2111
4234
7948
6706
6947
3523
6964
4759
4705
9967
4280
9247
4140
8303
1869
9862
7095
4246
6229
4527
1989
8261
3956
556
3335
2057
9303
5501
466
322
1926
2577
908
6227
5635
7856
9750
8952
2615
807
5271
3248
6407
9411
7903
8276
9273
4998
2522
1854
9525
864
115
9833
7772
9802
8243
7075
5303
8709
3750
7229
7639
4658
9808
9626
8866
5910
8578
1482
6718
3849
1082
3125
3260
8985
7753
8885
335
6627
7091
9860
7491
7206
6046
5263
7008
4289
2339
8663
9350
6089
2245
3341
7099
2053
2968
5966
7964
1546
3800
1034
5396
4882
511
5008
219
8264
3894
554
1243
7337
6766
8735
4544
2812
3998
7904
3453
2689
2920
9156
5130
5165
2497
2230
7218
5465
4548
5182
7012
8348
2568
8760
9582
3079
3768
6153
7695
4014
3059
8939
1352
9825
7674
2248
8990
8024
6504
8795
7066
9424
7951
2196
4589
6801
778
1808
2266
1678
3342
5630
6378
5911
4390
2312
5342
4511
8465
3038
8525
1524
1977
6229
7702
9651
8477
6692
4027
1334
1839
1093
758
6143
3290
5348
2944
420
3508
1562
2099
3202
3545
4829
9113
4287
7142
4456
8798
5607
7494
3676
3484
5823
9905
1186
5474
4735
4230
9501
6069
6069
6947
6827
2212
237
8527
5156
7009
2035
3071
5460
5238
6616
290
703
903
7432
1511
9702
9391
5357
9730
2875
1180
9635
413
3006
722
4643
8860
6791
7065
5807
9971
9277
2396
8498
786
5757
6886
3857
1218
8476
6825
1508
5531
7728
5292
3395
3782
4683
5104
3512
3911
6285
9500
4324
5643
222
8968
4503
3366
6033
6662
9689
1662
5410
4539
8800
1168
7777
2657
2386
6253
9482
246
8137
3563
5538
1532
7345
6573
6636
7210
484
9273
3062
4809
1269
9636
129
2124
3002
6162
8787
9043
4176
4197
3583
2977
1717
1360
1986
4103
3966
7821
701
2103
1384
6239
9987
5081
2813
2975
8643
9649
8601
1705
4458
9870
1342
4587
1994
696
7101
7133
9740
1278
7683
9675
607
9400
1035
2593
9856
1353
414
557
3456
8150
6797
9795
3232
5962
9123
1875
5611
7724
3581
6422
7594
1275
7361
5940
1971
4463
9426
8063
2093
7109
7738
2700
2861
5126
1645
2717
6479
8412
3275
6288
6562
6424
2435
9794
8738
1558
8022
701
9282
7955
7123
3228
9230
4485
5521
7553
5300
4947
1969
3745
8408
6059
6445
1269
7537
4442
3987
369
2854
3614
6657
9417
38
5444
5563
5128
7003
3585
5829
2637
7892
9305
2218
3474
142
7739
7380
5442
2686
9349
9187
1094
1760
1984
2363
9298
2778
2702
9667
5633
6316
2676
5050
2706
8120
6965
7834
1475
6903
16
465
4795
9321
2683
8270
9463
422
5650
1257
3108
1351
444
554
3111
8780
9269
8761
1558
1972
8428
7191
4640
7456
8593
3699
1929
1911
7885
3404
8814
7901
3869
9961
3574
2904
8231
3037
3326
233
4294
2786
7936
1090
9692
7400
9870
8962
6161
7781
7286
942
1324
8278
8398
9918
1977
327
8181
9863
84
6995
4116
305
6956
7691
3210
1540
7080
2888
8125
7727
5675
6062
5169
5367
3462
1392
681
5975
9173
7967
6917
497
6246
5316
6767
4575
1995
4948
790
2079
1943
4907
8737
5252
8950
8299
6792
2382
1187
4917
6461
3214
7331
1631
4934
7145
3023
5615
3121
8548
3583
38
9045
6181
1706
5813
756
54
7113
7899
8485
9057
9158
7222
661
4460
5521
7453
6842
3061
8722
9656
6275
2406
1287
1209
5903
662
6825
9024
9210
6760
5415
4607
9293
3473
420
6401
3527
3886
4300
2013
9295
3458
9235
9956
7918
1109
3761
1113
4170
8835
769
6797
1241
2056
8007
7145
9070
1184
2521
8280
4296
7936
9239
3589
7762
6012
9990
1289
9898
4291
3302
9193
7749
8890
9149
2020
6351
2910
3133
6873
8097
3902
3670
9339
2310
8029
2836
1380
9213
1709
6012
3509
5998
5251
3450
3760
7615
3441
5049
7513
4084
4704
6706
1833
3594
2207
3853
9945
5117
3338
6818
3215
7240
6840
8906
5902
4870
8094
7282
4083
9803
9646
3945
5801
1250
7395
9561
8865
7188
963
2731
1272
5667
9437
9458
9261
1645
9663
5558
3114
3002
8728
2681
242
5568
7939
6145
438
6033
9779
4522
2189
5778
4819
7990
3380
2214
3904
8597
9403
4867
1328
675
534
766
133
6147
8763
9797
1705
8229
9151
433
911
9393
6001
5202
1890
6440
7588
8022
7314
9777
3800
2133
4119
3532
699
4375
2129
6454
5594
3458
3482
2480
576
3615
8627
9339
9764
6684
3920
8915
3469
4831
4661
5823
6386
2903
8615
3974
925
5929
103
1077
4414
4222
4609
5113
4950
6739
7920
544
6549
1402
3025
7125
5017
8004
2816
1134
4689
6736
6401
8158
7920
7414
3981
4306
318
2596
4632
7595
4877
4735
5025
5643
5309
5986
757
259
2725
5029
7156
5626
6431
181
2751
7800
8185
5567
8934
2874
2304
1688
7385
6576
5454
7718
882
5772
6667
5514
9720
1544
6601
4745
7188
1910
731
4297
8522
9809
9326
5678
1787
5757
5859
4539
9909
396
6458
8844
3271
5114
6884
7008
1690
2338
1078
8924
4463
7745
4438
535
5642
7391
1632
9182
9302
8715
3479
7824
4876
9157
3502
6664
1266
5713
7555
1175
6109
4013
6371
5732
5480
9607
2740
7170
1946
3819
2447
2761
7916
3237
3296
3558
629
4928
2740
9931
3643
2571
4107
8520
1728
7609
5184
9346
3322
2739
6874
5783
3104
9597
1516
8584
9205
608
2107
1151
4427
4554
3912
2344
7791
3560
2254
8420
8488
4995
4703
2131
7566
8810
7003
5647
2771
2187
4993
2445
1278
8219
8229
4383
7817
6097
9319
7022
6705
1426
4525
7485
2332
8437
6181
6476
1997
8435
1248
6837
3430
5952
5320
997
1114
2324
2996
238
4511
4341
2683
2142
2561
7264
6525
378
3361
2196
3752
67
3623
8277
7552
2307
3066
3733
8783
1415
8520
6384
8252
1951
2336
3572
9300
9802
5896
2296
6392
6760
6637
9076
8902
5550
2692
1779
2280
2406
3975
6032
8825
3950
4309
2729
6258
3727
2814
1393
5142
1334
7777
3394
3285
6465
3319
8937
2620
5567
7585
9012
2327
575
4440
7581
6125
7133
9360
8406
5891
9688
4438
4716
3638
5100
7445
6248
8827
259
7642
322
1593
1771
3716
1231
4589
3387
168
7209
8955
4106
6221
7634
4681
662
5216
806
4147
928
5564
38
616
6355
4754
607
1455
2199
6855
6634
8810
849
6956
403
8973
7025
7986
3562
412
4507
771
5719
8613
6992
3354
3294
4006
4922
452
8153
5850
6017
4543
2819
2372
9297
3426
179
7848
6633
3165
6658
7483
122
7062
6456
3499
5048
18
263
9555
7141
5983
4520
485
5689
7814
4492
611
4619
8997
2813
6988
3541
5632
5712
2838
9058
2243
687
5692
5408
3697
9527
1882
759
2335
5381
2160
8705
5645
8067
5846
7980
2588
6331
21
6754
7175
6984
7725
6173
9797
4713
9714
1782
425
8904
840
2668
5943
2884
8077
9641
8763
6311
6752
1098
1693
5264
9803
3690
3332
2001
8022
2272
4685
8043
5378
1860
1379
3104
4385
1176
7817
4099
2958
4595
9356
151
7263
5299
9387
1692
1292
8151
8004
8045
5601
6049
3309
1757
6091
2993
3758
4113
5265
4795
8508
6996
6656
9887
100
1041
7415
4269
1493
374
8864
7201
6877
2480
2500
6264
4172
3793
767
8528
8190
6369
929
1499
8126
7020
845
8236
7485
6110
3032
2345
3106
6040
8584
9558
3433
6000
3828
1278
2726
2692
8479
5955
1524
7332
2219
2049
7477
2987
577
5667
5708
7859
3518
3834
1231
4363
8422
8717
6826
7806
7414
6284
3846
5999
5843
3632
8351
9671
4910
7429
8715
9742
3384
240
7074
5603
2289
4551
4942
9218
218
650
7077
88
836
4661
4452
9259
3378
1278
7065
7144
7562
7264
3143
9757
896
7846
5780
2158
5275
848
1900
8659
1088
5326
615
9729
9877
1909
5299
6447
2560
8729
6536
9748
3390
7340
5359
3120
4970
8777
264
8884
6041
9760
8642
3289
7606
4422
1799
9234
5270
3700
4245
2710
5378
1212
8791
5256
3122
4091
8055
2034
9172
4591
8134
2562
8283
3494
5682
3253
2271
2298
2138
4664
2058
7132
4305
6017
1554
6104
5251
3177
6156
5848
2239
1535
3413
7383
3143
6535
1474
1198
4921
6998
2142
3055
9560
425
2901
1594
31
1524
3892
2169
6188
5951
9301
6845
8320
7207
2950
9923
6736
5458
5771
5328
3345
9184
2711
6488
2071
4185
4039
6992
7535
6181
6400
7095
2958
5653
8689
2989
7178
8933
1510
3366
4884
811
212
3204
4371
9514
3127
1107
4972
5251
6435
8318
787
9146
1158
2859
9683
5197
6203
7218
1378
8955
665
689
4609
5706
3678
1787
4640
5189
1505
9524
2352
1717
9081
6723
7583
8560
4183
8908
163
6970
3578
951
2469
4736
3810
2152
9934
6365
5723
7664
5321
2740
4705
9930
8447
8384
8069
3087
9925
9574
8963
8629
7644
4396
1705
5227
2957
5888
4135
9472
2858
7713
423
5327
8802
585
3832
5088
6951
5907
9104
2272
8647
3810
8554
7094
8546
6623
6533
4823
6197
5497
3452
3841
9893
5157
5421
9202
7397
5908
8675
6608
9974
9098
8287
8776
6036
8471
216
2987
4378
9320
1611
9378
9482
6517
2824
4380
3140
9358
9203
5689
1207
9008
5883
7452
517
1304
3007
4267
3564
1682
875
3538
7132
5514
8666
9520
3986
8882
2507
4716
4555
4118
446
4037
6987
3271
8418
127
8981
3973
2169
6540
9333
8052
344
9851
5708
3351
4118
5624
1385
1345
9163
4870
6859
7829
4390
7197
6712
6898
8266
7619
7368
8712
1656
4356
8335
6426
835
3668
6752
9356
208
6085
3760
553
5936
5820
256
6406
1445
1642
4103
608
2864
963
4789
7254
4512
1501
504
2778
9120
4225
1491
7129
4933
6178
9907
5768
9847
6659
5125
6407
2745
8885
3312
5033
4706
3569
1440
6151
1563
1895
3111
4427
2858
7900
1681
3723
5754
2186
6501
1226
6411
4344
4707
1344
523
4615
3464
370
1274
4941
6777
371
3827
90
5405
4885
3659
3197
7388
1574
5092
6851
6001
4303
4751
7682
8026
6857
6220
879
8084
2631
5224
9143
327
5747
3758
144
2469
5033
5085
5598
1756
5264
5688
7161
6501
5699
358
241
7273
1803
7092
3274
6106
8196
7309
484
5053
3529
1363
9489
2513
2939
8633
9192
5038
2391
9336
7507
3776
4422
3106
5533
6038
5146
9046
2540
7198
5757
2781
823
7560
9874
450
18
4422
7759
6854
9475
1288
4569
5317
3801
7509
3950
9346
8899
2693
8682
2759
2822
9456
2217
4707
5495
7363
3753
8035
913
5862
7168
1737
3422
3394
2187
9792
7816
9946
6646
7292
7586
7568
8961
7740
5077
2911
7086
328
1956
2120
3087
1130
1577
5304
2189
7072
9020
2295
1459
9933
8157
8627
1670
7932
2022
209
7724
9838
6507
723
3482
4094
8291
2443
8186
9720
1706
1624
48
15
3744
3136
7497
5321
4792
9687
2393
3812
1982
204
3746
139
8832
1768
8071
7206
8330
2148
3396
4837
2871
6879
5283
7514
5674
3469
3586
3733
5093
9986
3748
5190
9474
1245
511
4267
932
9257
8079
2914
9461
8177
9406
4645
6298
7477
1851
4628
9625
5248
9465
8848
8479
1101
2714
505
922
6300
4238
2368
6287
7986
7558
5761
5584
8069
28
6516
7326
4460
5783
6788
2637
5189
7785
8935
9018
9637
9915
4996
1237
9381
196
6068
482
2911
6573
7756
9211
812
124
1850
5150
7682
3964
734
5752
3992
3603
9430
4804
9386
2570
3794
927
356
2729
6297
9993
2645
1293
7582
8378
1490
3650
5212
753
223
2968
6316
7387
3093
8167
2538
7127
2131
3272
2879
2475
6875
2310
7280
2613
4880
1074
3540
1588
155
9838
1581
9152
7483
5515
3882
5325
9165
5446
6078
5741
4767
8747
3128
7860
3266
5666
4987
5397
5291
4219
4224
2166
2881
7856
4780
4113
5282
4672
5702
1790
862
3635
7294
8346
9151
1177
23
4668
2975
6102
409
7742
1201
9890
5602
4467
1908
6942
6216
7199
7513
440
9366
6746
4649
498
859
9931
5170
2913
1721
2385
6549
9016
731
2052
6545
754
3072
9520
3208
9834
7263
4409
9724
9217
5228
1632
2511
1444
5184
6376
1885
902
3122
6534
1400
334
2817
2922
3247
891
5307
6148
9907
2390
4552
2804
9497
7625
8676
9057
7459
5939
9819
3535
1509
5047
1519
372
6492
6703
6749
4729
3957
6223
7615
5357
6557
432
4632
6157
1323
6291
2305
7582
5034
3210
386
4531
835
5415
3588
4646
7706
9759
4533
9215
4807
6052
5940
1299
9108
2689
2380
3065
5264
9995
4775
1822
427
5759
7979
1751
8402
6636
5685
3436
9846
2424
7967
7033
7839
7908
1679
5545
7667
2564
1113
8826
8617
7053
125
4077
6094
8857
3494
1358
8852
4621
9532
9280
380
7511
7383
8783
4148
3068
2219
346
5492
6539
7380
9683
4447
9059
5229
8466
1624
2694
7293
6593
9747
3770
7022
2193
2628
516
3551
1480
5138
3084
7112
1870
6947
847
7005
7447
3916
5577
7794
5760
2116
5174
5444
2915
585
7025
7733
8561
9719
5026
5154
5818
5149
8528
8011
7777
9045
7914
5609
535
998
9074
8757
4298
9921
5763
1745
189
1340
9539
2302
9808
1065
4098
9075
1651
7475
6808
212
7194
1835
1719
9364
3336
247
7375
7465
5644
5289
9426
2531
2640
8500
7641
6938
4774
3404
8683
1315
1096
4575
3617
7256
5640
4067
6331
7291
1542
3139
3856
5088
1326
1927
4452
4662
8526
1827
2127
523
3469
1554
9406
6109
54
7047
3047
1180
451
8082
2496
7899
2657
2465
5155
4650
6533
1486
8293
4427
4626
2149
9516
5952
428
3968
615
8955
2148
2742
5830
5617
648
5236
1726
7055
2284
1125
8235
2735
5559
731
6987
8217
9549
2142
9219
6082
9981
7512
509
4607
6014
6377
6911
6442
346
7526
1749
2494
6621
7579
8111
7269
2816
6189
4324
1452
3666
8912
4187
9225
5995
7526
3794
5544
9669
3013
7978
9650
6878
4840
609
2892
1217
7520
5686
1563
1399
3788
409
4372
7719
4872
7993
6887
7413
8670
8339
1079
7582
8879
305
3577
6405
451
5474
2426
3465
3452
8428
6695
8292
9037
9587
5862
2910
1625
3777
661
1765
4187
5033
9485
5411
3026
6372
2825
1696
1064
256
9278
9943
6913
9208
2700
7365
4682
5127
7182
8134
9907
3877
2779
5297
3464
8641
8207
1441
2418
8868
3207
2957
253
9044
8369
3279
1768
7546
4976
2832
7802
606
9127
4716
6166
1828
2081
848
3307
9263
5335
9566
3140
8114
4863
2956
6755
9422
749
5525
8290
308
8483
8543
9352
6852
8175
7473
4398
9503
305
8552
6461
5785
3268
2628
3965
1701
3476
3624
7316
8811
3190
6808
6925
8054
6116
32
7476
6866
5558
2119
7174
393
7014
2879
7245
5189
352
7995
1044
7009
2899
7506
9146
2520
134
3111
573
9962
6735
7890
8774
9926
1050
2051
4332
7167
8436
8160
385
346
279
3911
739
3646
6790
4336
5187
3494
8683
6232
6856
1582
3738
6002
454
224
9114
1028
186
2201
5270
5312
8479
6320
7364
2811
9839
5800
972
224
6146
7603
4136
3237
1249
7278
7573
6437
7125
6256
2669
3981
4190
2759
9983
4645
9335
5449
5673
9521
7651
7295
4834
6130
3615
8550
5294
9807
702
2618
31
6848
6573
519
6437
7823
4150
4010
612
1275
6618
9633
5256
7160
2392
5239
8157
8079
689
3830
7600
4692
7477
8786
7174
1093
7336
8820
900
8038
1438
7283
1238
4364
4155
7675
2187
8305
8037
9151
9580
1007
8784
1188
8168
7528
2779
6325
5607
9820
6508
9559
4512
3985
8346
8039
1430
2034
6859
8682
73
4650
5966
7663
9014
121
1691
7553
4778
6080
3056
710
7088
1840
1898
1608
5720
1029
4285
1327
850
7145
7238
1714
7483
5584
9753
8913
3971
2965
3948
396
7615
9914
8059
2981
6387
9750
6886
7517
5831
9942
8227
9271
8134
6477
879
3854
7506
1516
1533
4708
8662
8771
6423
6145
708
2528
5058
4679
5493
5358
5075
9460
5272
9486
8793
8011
5589
5679
1880
7772
1973
6459
7043
107
2936
4274
313
6795
5790
1846
1503
4452
6970
7926
597
7678
6807
2008
8709
2300
7366
3784
8113
8991
9622
6906
3354
5211
8938
1587
2983
7263
8046
26
3723
983
652
4036
7778
6443
2235
5633
7247
9205
9912
4197
3235
6719
2557
1944
9019
6275
2080
3484
1618
1702
391
4973
6914
5681
2912
6249
9296
958
2628
3019
8293
3280
7056
2423
6075
5643
8057
3323
4848
7969
7520
8083
4688
77
6379
59
2704
8459
9896
4323
6513
6639
5648
9779
2320
8560
6029
1616
9518
8657
988
7812
8289
4396
6587
4365
39
4644
7688
1239
8965
1560
5674
5
7989
2053
6417
693
6864
6313
5016
3377
2952
664
3157
1624
9224
9186
9592
5095
4195
580
9259
2484
4976
5846
3201
1367
491
889
2606
5808
2449
8280
5814
6790
333
2231
7484
7197
4896
2500
575
7848
3165
84
9472
8741
5622
5416
3836
6169
5997
3095
8653
7325
5294
1855
8693
2137
9096
1299
7945
7898
9580
3759
4688
6265
2342
2172
9815
7238
1025
6742
1438
4190
6826
7262
9283
2448
2679
3120
8617
5028
2567
3622
2353
7861
1829
1046
9998
7278
8698
4296
5176
4630
4407
6216
895
6750
8389
710
340
9414
7452
1779
9956
630
5393
9239
9430
8072
8711
8047
9452
7631
8022
1806
1844
6203
9204
1843
3481
4254
2491
8657
8884
6898
4874
6132
3648
9615
3194
341
5381
6999
8472
5337
7629
3865
928
3412
8290
5992
1459
4094
3623
5833
2252
5467
2037
1457
3662
5518
2063
6153
528
7300
3052
5402
3432
3052
1369
2978
9745
6750
9977
8217
8439
3959
8435
9367
7371
3077
5359
5182
7171
5334
7368
9424
7154
9405
7233
816
1275
5648
3322
1803
2948
2726
3557
2732
2130
1278
5711
1876
8028
2040
6445
6467
2351
1232
2187
6074
4309
3898
7609
7833
9233
4977
3609
6387
734
842
3555
8361
6490
3229
6517
9439
2307
6426
8523
4438
7705
4234
2666
5733
2627
5463
2201
4978
3048
740
7405
3709
4638
5014
1542
3871
6343
5151
6610
3429
2345
6518
1790
8836
6099
8307
4627
8407
4734
3150
9197
8791
3737
8215
4524
6364
3678
3077
7694
6726
3817
1451
436
8456
2817
8330
8679
9160
3482
1642
8941
5827
8160
732
1015
4259
5391
1994
9018
6477
5145
8215
5268
5234
6430
6145
7950
6461
9222
5644
9539
9392
3448
9975
4200
6265
4658
2879
5426
8140
4521
4367
319
9033
1451
7687
9645
3195
9681
8663
9672
1178
3231
1293
6412
6013
7438
4362
2474
3012
6359
2014
2404
9807
8341
6604
6072
2999
5836
7850
7491
6709
8570
4163
5743
6373
1850
1740
9568
7883
6755
5593
9062
9986
3238
5474
2352
7028
9837
4826
40
2548
3192
8797
2355
1534
1753
4779
885
7589
8982
8377
4299
3904
2540
6394
277
742
8134
6198
8625
4889
1791
7687
1228
5029
9514
3580
2057
5703
4758
8449
8251
7951
7246
6958
5837
9000
1737
6722
2941
7071
1451
7240
975
343
3634
1253
1085
8120
3803
6063
9362
5594
102
590
6975
9616
522
5384
5319
1632
3833
9922
9583
7432
6880
1772
2784
4970
8495
5725
8393
9946
2966
9369
290
2952
6974
7727
1073
777
3790
435
2723
245
7377
9698
9861
4251
5082
1533
5883
5267
7807
1819
2699
4688
3591
1835
6010
8438
7561
4403
4737
527
3772
5027
9831
7098
9106
7256
7875
9249
7691
6950
9494
1420
6648
5707
5671
8082
7240
7907
9702
5048
9726
8753
6088
9669
589
2098
8108
8150
2853
2845
5029
2978
4224
4860
76
3330
2117
4304
2579
6160
1254
8425
3933
4255
4133
5956
8689
1373
3863
8391
2773
9941
7145
5213
9611
4086
3663
4071
2236
6517
3268
7265
9495
3844
8477
5923
7174
6946
6579
6106
9459
7834
883
3392
8441
5016
9348
7130
2742
9564
5522
1867
5857
9019
7081
5468
3105
744
5891
5341
7261
5511
8958
3108
9355
3787
9032
2882
734
5611
5340
6545
9797
6223
9937
8238
1240
5637
5369
334
5201
7243
2201
1059
6262
9282
2879
5719
27
5123
7412
3640
634
6370
6749
9990
6509
5781
9224
3595
7744
4564
140
7542
787
6429
2132
8379
2067
7501
8713
3620
1096
915
1031
7358
6549
3911
3077
6576
5386
489
217
2372
3211
3318
2362
6073
9099
7938
9668
3195
2502
6161
737
9642
2590
9222
8021
4657
6723
6735
4630
4172
4002
5661
7882
551
9572
7312
3480
1310
4153
49
3683
3717
3367
2397
9790
8818
336
5810
2013
2838
1971
9103
2480
914
8325
6854
5571
1400
9941
201
5572
3943
5863
3455
846
1787
767
678
9450
4920
727
3133
8637
446
5530
4779
9264
2218
590
1278
1409
8913
6733
3889
9827
5058
7095
5399
6458
7036
1952
2031
7331
4167
1838
4530
2307
2605
5208
1757
3877
2288
1242
8867
9086
6772
3646
8351
5343
588
5981
6752
9502
9066
6993
9329
4124
4089
1080
582
1125
3033
8965
4809
3552
803
9339
2211
9760
899
3968
9990
9539
5210
8857
8626
8335
8855
3329
30
9444
5662
6782
8946
4728
3775
8275
5204
4216
9356
5786
1694
8741
1104
6503
8645
1907
2194
857
8020
9445
1177
8010
8985
6388
3219
3963
1075
8426
3644
7457
7870
5658
4239
3168
6738
4366
1444
1942
8583
7152
4080
277
5893
5184
3132
890
3444
5326
1747
7816
1123
2925
2178
108
5665
1749
423
3092
175
419
549
4398
2429
4788
7566
9167
9154
5362
7461
4089
2514
7894
4366
4759
3078
3850
5650
2874
9176
7397
690
300
322
9220
6760
2339
969
3536
5431
1145
307
5980
5543
2737
7120
3109
8256
6275
4824
5718
364
7338
3612
1083
2098
3042
4933
4100
2269
462
7849
9311
7114
4524
8532
226
6863
9501
114
2295
6998
422
4627
8893
3159
1748
8355
1415
4375
3179
3485
1091
517
3449
2174
8967
2844
3460
9419
5113
274
7269
776
3740
1793
9308
3966
5008
5162
433
7303
8512
855
8283
7406
4014
31
5761
1781
4406
8940
5267
1849
5809
8716
376
4777
1560
3836
548
3025
462
7817
3802
4202
5962
9462
4520
971
4624
4953
4626
3137
2160
2909
6895
6174
9292
2656
7956
3698
1596
9575
1900
3757
8291
2276
4886
9852
6112
5435
9229
2926
3252
3031
3480
9215
2494
4352
186
7118
9306
4812
6607
7818
4074
3502
3993
3366
2510
8301
3417
458
7876
5317
4216
2519
7593
9102
2371
57
4537
1601
2983
4142
984
6463
9709
3478
815
9895
6949
6473
1059
9908
4292
1485
9763
4637
4852
2273
9290
8269
2732
7166
9938
6948
9685
7531
2402
8409
7588
6940
6362
6923
7434
3698
3386
7143
7177
553
3390
478
3379
801
386
7671
2287
149
8660
7139
2423
7950
1760
1507
1468
1698
8455
7505
5581
857
5914
3169
4149
8628
92
7935
2327
9830
5078
5856
6735
8468
6334
114
9270
3072
4137
1557
9574
2797
5048
1997
7099
3160
3504
8567
1210
8311
6073
6791
5520
8339
6312
6022
3320
6404
3957
1999
2586
9036
7855
9321
3856
541
9436
3126
9965
3573
1035
9539
2723
2435
7888
9822
5595
7744
4742
3157
6055
815
9948
7928
5506
6260
302
5178
9016
4259
7177
1602
9647
1384
7276
3504
8277
6712
2982
8243
6637
370
7782
9360
2805
5671
9183
4753
3415
3925
7910
5823
1092
4211
3751
2950
471
4053
8129
9488
4664
1658
7442
4312
9395
4718
4168
7672
7782
7150
5915
4420
7520
3698
3780
6678
5721
9315
1431
9136
9592
5693
1311
7036
9904
5062
9987
6728
5467
4468
2568
132
6126
10
796
5521
1081
1316
9546
8863
8466
5461
3283
2339
5511
3416
5369
1232
2731
3152
6721
8676
8845
8032
5712
5102
9447
5699
1830
1266
6519
4398
7750
8998
4408
8546
871
1841
9862
417
705
4681
2231
340
3372
7742
108
8741
5327
9192
1893
2048
7868
7090
6432
3580
8544
5879
5632
374
7146
8503
4772
1248
7501
5533
9795
8373
3726
6009
5142
4431
7042
7373
1124
414
5116
1232
5507
6795
424
3752
8843
8292
843
1627
8225
9387
7507
209
6114
1005
8712
886
2253
2566
2771
8400
7291
6498
762
2433
7281
7804
9807
8405
8219
1275
5990
3726
8070
6414
7479
3265
1059
4674
4892
9284
413
8751
9493
6527
6108
4557
3766
4714
7123
6537
9466
4414
9387
228
6848
3021
8033
3007
1426
2604
634
7416
6330
5056
183
161
8321
1242
1187
9565
526
1601
8317
6371
8128
777
7280
8246
5491
4404
1136
4958
5170
523
5186
8370
3544
9571
7729
1323
2175
8363
5091
8506
9771
5274
5019
8092
6516
6207
7658
3394
7808
2327
6117
2288
3104
3398
6887
4948
4154
8023
9906
5676
4898
1444
4047
8443
1016
8128
6118
3191
2844
1209
8049
2615
6484
3069
708
9352
5628
4718
2747
3436
3397
5216
2076
2853
4966
8963
7801
9120
6986
4059
1149
1885
5504
1548
6680
2872
9676
9150
6063
2520
359
4113
5136
3195
3534
2196
8900
9162
3266
7999
8950
3015
3215
1026
5868
8182
6342
22
3654
9680
4081
4803
7917
5937
2703
949
8809
2380
99
4873
1252
6811
5338
2740
6358
8872
1288
5258
8034
4554
9609
3336
3921
2825
714
9790
7359
7056
6164
1013
3089
245
2169
1006
2535
4872
1956
1344
3604
8407
2569
1209
1570
4259
3949
7929
3131
5238
9539
7517
6144
9149
853
66
1974
1568
6208
5685
4976
2372
3050
8065
8969
5219
5424
7856
6444
3732
5553
6400
2139
8122
7609
62
2382
1559
7991
1865
3149
3882
5735
9293
3031
6588
5711
1357
4508
8271
7042
9485
6995
93
3902
5965
1664
9326
173
4460
3058
5726
7213
1550
3849
4822
1612
2583
2733
5955
4448
5882
9837
183
1528
2869
3124
3591
578
3984
1863
7621
9821
8858
4066
3724
1175
2082
9402
1349
6543
8813
7075
3756
363
7276
4930
8327
9859
7664
634
660
9898
471
7195
7778
9692
319
1370
271
656
9585
4244
477
8443
4662
4201
9619
3096
9956
7320
5991
8769
4395
6099
5484
1672
1030
3811
7883
5046
797
4895
1296
1268
2091
9075
7313
8762
6797
3936
9418
6382
8180
9896
1177
9194
449
796
2290
405
8116
8282
9174
8864
4381
4658
6888
1763
4821
1123
6809
5618
6019
4458
3239
8110
9885
552
3224
3034
4488
8995
9416
9020
8891
6945
4566
5692
4094
6856
2450
2210
1490
1624
7426
2224
2635
4314
3987
3808
5438
7149
5779
7809
1607
5370
2271
7844
5922
5495
878
6762
4490
6646
2134
9733
3591
6700
1778
7685
9908
4228
6248
1399
2204
3674
9975
1191
4341
3962
5000
6131
7463
7131
3940
5422
2501
6211
3266
4775
8058
496
1537
8901
7142
3671
8634
734
6723
412
4771
6631
992
7371
4382
3197
1046
4357
4388
1739
4672
9388
4222
2135
2871
4514
7558
5372
7077
7176
147
5135
7673
8036
4036
1167
8059
9023
8253
4782
5787
3025
1414
6780
396
5796
9977
7794
154
4365
5885
4826
106
107
3313
2977
973
7223
4702
8050
4400
1201
9538
8425
5590
3574
5944
3649
8949
4198
8432
4737
7223
9846
1517
3971
1994
1494
8118
8500
2211
4003
9678
8669
463
2992
1647
7788
215
2701
5839
967
254
5377
5744
5844
5303
1689
9494
4253
5887
7926
5342
9462
4124
6859
9785
2470
4705
7903
971
3268
8259
649
1938
5074
9993
9937
2862
6561
2638
5053
3880
9244
430
9625
5089
2086
7666
4583
6339
9905
8861
1681
9367
9337
4892
5504
1807
5949
9760
9130
9217
4371
6132
1155
9445
2477
1092
8659
9038
82
3713
2919
9327
495
8896
4416
2581
6562
5351
8920
6467
564
6953
2186
9901
8197
4042
8060
4146
3802
3543
3364
4525
9675
4519
3970
2152
1964
8982
7543
8398
2695
6814
7725
3190
5710
8493
2124
8624
196
7396
1443
760
4350
9981
7013
2547
4023
5074
3046
4178
4969
6410
8703
4644
7281
9026
3148
5597
8008
7043
3996
7055
3857
1721
6597
9567
6567
8721
4543
6763
6118
5986
3876
6820
5967
889
5719
6343
2315
8765
6873
7284
1527
5576
8280
5161
954
7781
758
8962
4824
4754
2369
8682
2828
8967
4601
5747
4040
9145
8862
6510
1483
2738
9682
3803
9980
1754
146
8647
519
7019
2284
8399
8947
6916
3560
9902
4697
4318
5216
5874
5425
7586
908
8253
2905
5509
4000
6945
1006
9214
9808
2490
1953
9490
6293
8285
1244
2791
6932
8116
9810
9216
6515
5109
6133
6427
5011
7182
7097
228
3056
2522
7814
3964
7127
719
5826
7479
4016
6832
6694
3824
5674
4999
3315
8319
3284
911
1110
216
9027
7272
5785
1894
2382
1918
4673
7393
5452
1771
3973
8509
645
1787
8825
7773
8858
4651
1604
2875
7836
4650
3051
3510
9649
2718
8182
2933
3630
5644
9502
9009
2917
1639
904
1651
9909
5577
5396
5361
3700
9370
3870
4346
7509
2696
8471
6368
7347
75
5595
1535
4726
4998
5046
727
7717
9580
13
7699
5224
5867
6708
4493
7506
3964
6144
7415
5894
1541
2776
9594
7263
6647
3940
4772
5695
8763
7492
9394
8839
9439
930
9917
4438
2328
6996
8507
1908
7009
2558
3484
2876
9266
7978
382
9583
4122
7797
5477
2015
6926
5071
9278
9925
5364
403
5620
4127
7895
5014
9318
3687
2296
5587
4477
4624
2584
9336
6532
5945
1894
6369
8822
7512
4347
5556
7095
8469
9706
2572
6837
6632
3996
6115
6557
5712
2870
2177
9839
7118
3543
5510
805
5840
1097
1634
464
33
970
3349
5979
9216
9718
1153
6728
417
6709
3824
5238
6415
2748
2075
9399
3096
4543
5956
8808
7413
4485
5000
883
4381
6862
1688
221
7959
9674
7037
4345
644
6738
324
9860
2808
7829
2941
3225
4538
6765
8464
7306
5865
6891
3057
5314
1434
5366
4122
5200
6203
5474
6083
584
2336
4124
7157
6648
3798
547
993
795
3637
7669
7007
6446
5498
9948
6023
6388
3065
839
46
5283
7731
3104
597
5517
8470
4719
7069
1025
194
3153
1610
8882
7277
5119
5530
7427
5666
6523
8222
9304
544
5230
2102
6042
1530
8125
8783
4596
5317
8829
9879
9400
8285
6828
4917
6755
1547
1987
7781
8093
1492
5743
6976
5121
862
2506
2548
2881
5382
7123
2185
5926
8705
639
8321
235
5116
7104
1183
433
2285
7414
6185
571
4242
1103
3678
2142
9442
7811
235
7286
3554
3563
2407
769
2422
1307
3650
7804
8430
2187
3730
7135
2826
8403
3723
7942
5507
4906
4728
7793
2321
913
4716
2915
8368
8394
5057
4162
6206
1645
1448
9760
5208
207
6881
7630
1515
531
5434
9945
2718
5517
7081
1896
272
804
6191
2132
2062
919
9925
735
1832
993
3651
6553
9387
8708
715
5593
353
2164
1706
5562
8723
8587
9544
238
5471
1331
184
8189
3200
3617
6438
3472
773
2629
5604
9187
3548
1881
9923
1732
2874
3574
8285
2262
2282
9001
4207
8988
7517
5913
902
6240
4501
446
2831
9972
1777
3015
4513
1329
2984
7303
4802
109
9932
6758
9296
3480
4992
5571
1565
7866
9145
9850
6480
7780
5203
688
6768
2720
2953
4022
5313
3806
4468
8144
130
2598
7511
996
3927
6847
8299
5081
3308
8232
8192
2604
8064
3184
8176
9629
7402
3673
5832
3883
7805
1035
923
4573
108
3876
4947
1773
7683
9416
6269
4165
8366
3780
5161
8645
6979
3461
3727
287
8045
1919
9243
6109
1455
3771
2091
8857
7445
7923
2740
5250
5310
15
6176
5418
3892
1123
3543
7927
6891
9812
8444
5257
3592
3606
3903
6923
7067
3982
7210
5112
2253
6454
7573
3708
6577
9664
2565
4022
7587
5306
5625
9250
1673
8153
4668
5565
5628
8212
9844
2520
8024
8289
4129
7969
1895
4384
1244
5314
8366
8455
6778
6971
1261
4351
679
7838
368
3245
8213
4307
4903
190
3557
6576
8343
4578
8494
323
2790
4690
9195
7166
2979
3325
1487
1226
4061
2732
2892
8780
7539
9670
5751
8800
374
6431
2990
742
6028
1203
1401
7283
1393
4959
3859
6088
9537
8705
6412
8679
3396
5607
5845
6375
5284
3685
3954
9346
2769
6846
8126
308
2869
229
9108
3243
3012
8450
337
9040
9654
1738
6323
7399
3049
6535
3488
2586
5240
6252
7617
4988
1859
9815
7716
7144
3500
1670
2842
6269
4868
7320
6577
7737
7549
2037
7332
562
487
4021
9602
6493
2112
2278
3893
5161
5165
3733
4100
6757
9985
1717
1746
8196
7884
5814
1692
1384
7484
886
4005
8704
8206
6934
6442
5756
5323
126
6318
2163
4148
2272
8656
2612
902
8901
7773
2419
8986
8225
9177
5323
6295
7275
9872
4179
3089
1564
1916
6925
2451
5921
5629
7009
9208
8423
2765
4531
8550
5435
6694
9050
4060
1703
1662
1314
6956
5787
3734
5943
4013
9263
1266
308
6538
1138
839
5979
9055
2755
2904
7858
5029
8533
4867
4237
6957
3985
5120
1859
9420
1815
909
9832
9870
2571
1147
6826
8358
1233
2769
8723
496
388
9031
3386
7878
6223
9365
3285
8978
8621
1143
359
7154
2363
4596
463
6348
9717
2322
2120
7884
3231
8305
7754
2154
5804
4580
513
7037
3702
5588
3885
4090
4620
7271
8320
7195
2988
1606
2525
1609
9101
2885
5115
1464
3833
5579
7812
3550
4253
6285
7786
3837
4590
1892
2343
394
6473
9208
3783
6527
4797
7668
6969
5769
1291
5289
2964
4279
6895
5489
2240
5997
8374
7355
3813
8560
9286
7978
2110
9892
4263
6249
3729
5205
8141
6072
1951
966
1633
5734
7493
6430
3402
814
2199
4693
6104
5163
5324
9351
7004
7564
1700
1731
1271
5514
291
558
3492
8753
450
4107
5002
531
9312
9496
2955
1263
6814
4588
3349
660
1018
6751
1474
9569
7796
7578
1084
9472
3282
8089
3388
4982
6172
4659
496
6463
5217
340
1568
2019
4447
2923
2550
111
2419
1858
1374
9233
6446
4723
9893
3817
7826
7720
3386
1974
5298
4471
1446
8580
8912
4834
9915
1436
5846
411
7899
1063
752
5819
3083
1551
8742
1985
1663
7513
3843
3037
3099
6642
4113
2992
459
8291
712
197
266
2363
1020
8064
7295
6284
9251
7210
7720
5097
3974
1971
2512
4726
7791
1947
6277
6533
3933
4292
399
4128
3682
3498
770
7795
2842
7581
2438
9907
4131
2704
2270
5151
7121
5917
1436
6372
3128
5508
7821
7102
7480
333
8180
5271
2281
809
8156
6214
5102
8555
6694
5136
8405
3817
2931
1248
1398
1721
1155
5529
778
9777
7033
7899
5694
4821
623
5174
329
8444
8628
7809
5129
3160
9432
7410
322
7589
9976
5424
2496
6671
6912
902
488
9843
8502
8238
7916
9657
120
8694
9434
7153
2945
1480
1974
3568
3007
2303
8364
1635
113
3494
4796
5897
7256
5118
9838
7233
6894
8687
256
3806
9589
744
1
4443
5334
4269
4100
5454
2964
9886
2607
5909
7718
4581
5830
725
3237
546
8713
9702
392
9861
5599
7649
1331
5438
4882
8225
4125
5138
8383
66
2234
4736
4509
3920
9005
4961
9375
8321
1199
8334
583
8917
9268
6413
5995
2505
6959
4708
8559
3704
4569
4158
1353
5900
5948
2587
477
6425
7725
5212
2843
6311
9948
7352
6583
5305
8665
5958
9979
9864
4293
562
5134
9913
6975
1129
2418
286
5837
977
3990
6758
1487
1695
2658
3788
4282
3135
213
8359
4699
3057
4670
999
6761
1254
6304
1779
3564
6283
7995
4209
6845
3129
4122
172
610
2892
6811
6447
221
7153
9557
8061
8849
2215
1849
3131
1702
8414
1491
6401
1471
2513
7400
4585
119
57
6364
36
2692
4359
4245
5890
3841
4720
2414
4451
7612
9225
7251
4186
2731
6808
2247
1580
5376
448
1063
7078
8862
2554
9832
6686
1420
3584
1271
7891
9993
3987
7927
2686
4698
2173
8576
8539
3245
990
9343
7209
6568
6594
1395
9299
9754
9994
7231
5130
442
8294
8561
9305
7201
4745
5991
8621
8329
3614
2864
8323
7601
792
7361
2299
9317
2289
7191
2562
9631
6534
9771
6199
9480
7519
1850
9234
7513
9081
717
4308
3728
5630
3613
929
375
5956
5902
5056
9570
5118
9731
7171
5910
7092
5822
5227
5733
3013
4141
5365
5899
265
7916
5379
4136
6119
966
1649
1552
8035
2309
5280
3665
2274
2561
4040
8230
4815
5448
4152
9934
5180
1323
5844
8624
3498
7424
4358
2863
7917
6075
8763
8182
3991
494
2318
110
1460
320
1663
5847
2629
3295
9512
4904
5857
9904
9486
7024
5353
3639
3310
6885
1314
9155
5509
4812
2931
6219
7676
848
2294
2791
5383
2638
3285
7701
9100
1098
8021
7115
6945
7003
411
2810
8259
2620
2714
7745
9644
4419
1384
2955
1304
2699
8462
3166
7511
7745
5737
1539
4945
4384
4330
328
7022
3968
8030
6122
1418
2403
3238
4715
9406
1
3877
7665
2621
2944
1763
8617
7363
3147
7924
5020
5846
2738
4538
9710
483
275
1249
5429
4659
1932
5757
8033
2252
139
508
3670
8895
98
4737
4653
99
8615
2319
9072
1559
434
7689
5274
3581
1966
294
9428
4704
1184
9138
1540
1460
6739
3321
2471
8671
5430
6857
7275
5570
7365
7297
4465
3815
2035
9118
3914
7002
7789
2986
8561
8223
7027
3835
8157
5345
482
7585
50
1666
3075
7942
9478
6166
1263
8302
4838
3045
1511
8465
8615
8876
5763
9432
9043
7798
4903
2957
4800
9044
2295
9713
3620
5674
9900
1777
1020
382
5714
1070
8401
5141
5364
7879
1307
2979
2533
2497
6024
4044
963
992
9272
6726
6776
8315
876
1679
1272
2028
7076
9919
1741
696
5594
1641
8825
6614
8376
891
4036
6777
6032
9400
4656
7339
8731
3542
6189
4755
7586
7152
5747
6859
230
2524
5174
1106
555
2799
3134
7631
9070
1227
4679
4664
2868
9856
7630
1244
747
1666
4373
3131
7418
9030
6823
6149
8924
3012
7257
6510
6516
9356
9721
6746
1880
1248
4204
8788
4047
7338
2771
3117
4917
3803
4134
7785
3659
1764
5382
759
9783
9755
242
3553
5137
7065
6055
413
6429
3312
6924
2945
2668
6645
6043
901
4245
247
9689
4644
3937
8812
4114
8854
2615
8248
2992
6275
6364
4726
3386
2499
833
3628
6053
2323
7046
8460
2736
9827
1772
9660
9125
792
2658
5168
8045
6903
5416
4086
1548
5705
2899
2014
4560
5514
262
7552
8141
2978
8630
7879
5478
9463
7860
1531
1786
4906
9991
4523
1085
8115
535
210
5259
9545
5379
3305
6449
7147
3743
4349
9204
2994
6363
3764
4861
2977
7668
9354
5955
6298
7234
1433
2114
5094
9316
3900
6352
9307
4775
3789
3774
5311
4000
9034
4856
5731
8691
7657
9230
8786
8358
8434
1781
1073
2199
6642
4050
6219
5996
6358
8870
9582
7791
984
1028
3460
4884
3732
9119
9660
7522
2894
1323
1522
8280
2531
7253
3323
189
2835
8461
8547
1269
242
9621
3468
3236
23
6040
9233
6381
4910
5167
525
5894
6196
337
7130
9928
9456
3142
7450
8702
4465
5324
3334
6997
2577
6657
3538
5412
5119
8437
3034
1713
4410
6502
4950
4434
8894
535
7167
3804
5702
4044
9698
8250
4381
3181
8179
190
6323
1981
8892
7141
7306
2227
4138
9883
5236
4028
1648
6707
2465
4682
8421
6876
7536
9723
7662
6431
258
4829
6587
2312
5226
2638
563
5959
5819
5094
6149
2142
7075
5042
9283
4381
3621
9773
617
8857
153
8617
5565
2619
3299
338
5847
7187
61
3509
9970
6671
8338
6558
5335
9916
5548
5898
5876
1367
7344
2025
9861
4420
3419
5497
5153
3392
1622
5770
2250
1776
4387
4167
747
4038
857
6594
7578
918
103
3900
7589
4793
458
2924
4710
2358
5175
6938
3725
8871
5315
9939
9643
8735
5436
4797
2127
7058
6919
729
5186
7659
1248
5933
8049
2105
2527
5627
